0.152744,26.271962,48235447
0.120454,15.899904,48335787
0.090890,6.089660,4839057
0.205541,18.909730,48463035
0.118389,6.629805,48653568
0.084364,3.627648,4876706
0.094672,19.313089,48817700
0.102879,12.036838,48832135
0.187377,22.860033,4888614
0.102284,7.159893,48917226
0.121794,10.717861,4897885
0.089583,9.047837,4899223
0.095664,8.609747,49193848
0.130324,23.718915,49231240
0.160203,2.883646,49257150
0.050077,8.412863,49872790
0.165758,4.475471,50417859
0.050720,6.999395,50532923
0.132603,47.869810,50779124
0.105420,3.584280,51842518
0.198861,8.352149,52957567
0.112797,41.283665,53030224
0.077830,13.775923,53253762
0.126764,33.846025,53769343
0.092570,9.071847,54621732
0.082560,30.547321,54754225
0.130958,15.060181,5594345
0.093372,19.794959,56677691
0.102367,11.567490,58878500
0.139612,10.610530,60409037
0.135977,11.286069,60606087
0.098611,2.366655,61592048
0.038739,27.698313,62675594
0.133246,6.795560,63406200
0.065313,9.405130,6391762
0.064011,7.041247,63997678
0.115316,11.762207,6788712
0.105730,23.683557,8125605
0.131949,6.729404,89667311
0.092459,53.348706,9945285
0.091704,7.794803,About5
0.151959,105.003492,AdaDream
0.069152,6.984345,adalee
0.065680,6.370995,advender
0.102164,43.317579,aibamoe
0.123419,35.791398,aikaka
0.087348,2.445742,Aimwalker
0.112324,13.928126,airan712
0.117764,11.187616,airmewe
0.069508,21.964439,aixiaoke
0.093171,4.751724,aiyatos
0.093163,19.657330,ajang
0.077172,39.666392,alcohol
0.170606,80.014181,alele
0.100811,21.875969,alienning
0.101839,25.561709,Alienzhao
0.168579,12.137688,aLIYURANfilm
0.085123,5.618096,alleluia
0.064151,24.056520,allwordswrong
0.131442,20.110660,amber
0.090907,20.544941,amberVan
0.096564,6.276691,amigly1988
0.071369,20.126054,amomiaomiao
0.095753,13.788406,amsingapore
0.122835,36.113358,ancylostomiasis
0.049825,19.282385,andyxu3586
0.144339,18.186743,anfernee20
0.150085,6.903932,AngelinaAnne
0.180304,50.124413,angellin
0.079574,7.957358,Angelwh
0.096117,5.959238,angle223
0.073091,4.312360,aniya320
0.071066,81.157670,antonia
0.184274,28.931036,Aragon
0.093894,14.929161,ash7
0.093157,68.563559,asue
0.128346,31.059817,attel
0.157553,6.774776,audair
0.117924,23.702660,austim
0.080292,34.284484,autumnday916
0.090338,20.597005,autumndream
0.167695,5.701615,avivaz
0.056331,7.773664,aya1026
0.085767,77.619185,A_R_C_rops
0.157574,34.193476,B.Y.
0.055801,1.395031,babess
0.072395,6.008781,baizi886
0.113361,4.647815,ballteda
0.071343,31.818895,bambe
0.093587,50.443190,BandOfOutsider
0.071681,30.177773,baoxizhe
0.079935,23.420876,baoziliandemao
0.057192,11.038000,barcelonazhou
0.117893,6.602002,beartt
0.155878,15.120209,beijingzz
0.043910,16.070988,benjune
0.086845,2.257982,bianjing
0.089376,57.379154,bighead
0.142027,60.503293,billy-the-kid
0.153973,10.624143,bloodymilk
0.094306,23.387815,blue-echo
0.076771,14.202705,blueafter17
0.152373,26.969938,boriklaus
0.087669,8.766860,Broderick
0.057122,13.994942,brutwater
0.089817,76.883178,buchangkun
0.121144,11.387530,bullchen
0.130063,21.720543,bunnyrabbit
0.116179,6.970722,burgooooooooooo
0.075252,20.092173,ButterflyTatto
0.051814,9.741024,c20010122
0.089815,117.837557,c8h10n4o2
0.115720,29.508524,CammyWhite
0.082659,1.983815,candy1010
0.140305,23.430989,CandyBox
0.102323,29.366772,candy_maoshijia
0.091322,65.112873,captainadong
0.110621,28.540257,cat-leo
0.075817,144.508136,catherine_koo
0.100634,51.424209,catiou52r
0.141060,10.861657,cc123go
0.055332,20.085499,chenjin.red
0.085210,17.468023,chenyuqun
0.074557,7.008315,chen_cao
0.082752,4.634127,Cherrie.
0.125683,18.601058,cherry.pjj
0.143320,41.419349,cherryoung
0.083248,100.147656,chounvkui
0.106891,1.496479,chrisking2020
0.100481,9.545710,chrisnmoon
0.088889,13.599965,Cincky.XiN
0.112011,24.082427,civil
0.100325,7.223399,cjzheng
0.072362,34.516896,ClaireCheung114
0.101387,10.949805,clarify
0.086079,19.281753,closet
0.100126,16.420641,clovernubi
0.122024,6.467297,CME
0.059124,15.017510,cody555
0.055464,5.379996,coffeeland
0.035852,2.366230,coffeeman
0.152401,76.810096,conan575
0.067466,4.790060,cookiemoon
0.119334,30.907478,cory1990
0.069855,0.488985,cos719
0.118425,55.778228,CosimoLau
0.115105,38.560256,crankysophia
0.121218,10.545927,Cray
0.101207,87.442724,cream.cx
0.109755,31.170527,crystalDave
0.117622,7.763074,crystalittle
0.161130,10.473431,Cr_Rui
0.069834,8.100791,cskywalker
0.098602,31.651360,Cutebabyblue
0.117909,21.813113,daisychen1942
0.080414,3.136132,daisyisme
0.140486,5.197967,daiting
0.103633,29.017144,dancelu
0.142894,25.720988,DanielleWolf
0.097334,8.857433,DansMonile
0.063471,23.484187,darchang
0.081217,14.375376,ddww911028
0.062369,19.708556,dearmore
0.061451,7.927205,debut-joy
0.046460,3.809736,dengxiaolin
0.051500,7.724947,dingpaopao
0.089548,17.461786,dinoel
0.100694,16.010414,djcc
0.081820,22.091302,dodososo
0.064519,3.742078,doingmiss
0.135028,6.481358,dongdongwushy
0.129987,48.095195,doradora
0.120382,19.261110,dorame
0.146307,6.437513,dov8
0.052186,5.740487,DPYiSuo
0.058099,22.774774,Draculala
0.064631,6.915474,dreamerangela
0.064510,23.675021,dreammakeronly
0.106908,16.784482,drtsb
0.082089,4.350701,dryjjd
0.128282,24.501913,duhuitang
0.105186,5.469668,dum
0.083176,7.153163,duoduo0429
0.072865,5.100565,durell
0.143997,10.655800,Dycass
0.138285,7.190838,dyingqueen
0.081398,8.628167,ECHO0707
0.067384,17.385018,echozjx
0.114704,5.046986,effiemars
0.074040,10.143453,effiewoo
0.134444,60.365393,emolawong
0.110605,2.986333,EniAn
0.089843,9.882759,enid_lu
0.063110,4.417677,erickyee
0.101936,27.930421,ericowen
0.090089,20.450311,Esperanza_
0.115603,10.057442,estragon
0.094550,7.847629,eternitydarling
0.096627,7.150367,Eudemonia-moon
0.112141,14.354081,eve42
0.082512,5.033212,evilynq
0.073044,5.113109,fallenisland
0.056772,2.441180,ffaayy999
0.124134,41.336546,fleapet
0.212077,20.571447,flyingzorro
0.103965,5.510120,foreverlandvan
0.057723,2.193456,formydream
0.127834,53.178856,foying
0.075625,5.142517,francseca
0.168231,26.412299,free-999
0.089470,10.467977,frejaja
0.085152,29.973643,freshyyblue
0.082737,19.029576,fujitasatoki
0.156322,30.951680,fuloli
0.091898,6.708585,furore
0.112441,8.208210,gaojieting
0.091940,27.306296,garfieldcr
0.074592,9.846178,gattinatt
0.180635,3.793335,genial
0.080643,7.177183,genie37
0.076341,11.527555,golfmike
0.115531,5.545464,goofyscott
0.165828,8.623081,gossipatupper
0.070199,5.545737,grace090216
0.077948,55.654713,gracekelly
0.101079,23.046063,greenlinkin
0.061691,4.256664,greysky73
0.076587,48.479576,guoru1986
0.050746,5.886493,gzc2zgl
0.074591,17.379815,hara_zeki
0.086276,9.145237,harrykan
0.118856,24.840815,hata202
0.162789,16.441706,HAYATE-RIN
0.091419,73.775246,hearingmoon
0.125006,4.750213,hewenxinghl
#hexiaoqin
